전량운
01097190956
3
20090601
1
강덕봉
01011406902
3
19900423
2
채원조
01079988449
3
20021010
3
모여잎
01020585891
3
19690111
4
오서찬
01023584785
3
20090211
5
채려열
01078348429
3
20021230
6
유비철
01015498837
3
19820118
7
오걸두
01086900694
3
19930616
8
구항탁
01070857489
3
19651223
9
엄숭강
01089417198
3
19980920
10
백월해
01096666582
3
19771029
11
진혜들
01085258314
3
19930407
12
임출석
01047241248
3
20021011
13
길더얀
01019724846
3
19660612
14
설손무
01039502216
3
19910827
15
연문희
01037114103
3
20070705
16
최탁더
01063133762
3
19960425
17
위빈상
01038250697
3
19710326
18
편운신
01042637562
3
19960324
19
조진빈
01011457626
3
19610118
20
곽옥석
01044274754
3
19850124
21
용담현
01016436267
3
20040203
22
백혜의
01047149409
3
19830811
23
임권조
01097857258
3
19950613
24
이천비
01081530145
3
19910818
25
길요흥
01071013078
3
19890213
26
박회휴
01064806811
3
20070206
27
남심가
01018407786
3
20020912
28
인솜길
01080367811
3
19870114
29
기리용
01063692526
3
20031022
30
하선송
01060628689
3
19750403
31
여열울
01095878299
3
19770902
32
황시송
01098265559
3
19941213
33
한의혜
01018549851
3
20091230
34
맹묵보
01058448895
3
20100604
35
주디변
01038701036
3
19671207
36
용양번
01071873381
3
19809609
37
염지묵
01057316794
3
19690221
38
성덕동
01059878733
3
19830622
39
탁조옥
01099356781
3
19631113
40
주더형
01015557833
3
19660924
41
허휘주
01055116262
3
19890925
42
송다회
01022129583
3
19810523
43
옥상평
01020798514
3
19850125
44
성도울
01043518039
3
19910110
45
우희덕
01049816914
3
19700123
46
주추형
01061408608
3
20050119
47
옥래삼
01048081011
3
19631023
48
옥린재
01045294443
3
19910316
49
추바후
01021591924
3
20010709
50
남모율
01073847109
3
20080815
51
방향용
01032404476
3
20040420
52
황엽번
01046403733
3
20070929
53
조병바
01097134242
3
19991012
54
박순자
01043991345
3
19720721
55
주하소
01072825721
3
19700702
56
나동길
01039829246
3
20081224
57
신웅직
01072734549
3
20041024
58
신강뜸
01031780810
3
19680618
59
남은길
01074930087
3
19931116
60
어산묵
01022360180
3
19730416
61
왕직만
01074577327
3
19641218
62
길항훈
01090486583
3
20071125
63
강미헌
01058631305
3
19780705
64
황견채
01022091639
3
19715029
65
탁엽설
01060460441
3
19740716
66
모영판
01082420657
3
19950220
67
함백자
01089104449
3
19860720
68
최고덕
01058539026
3
19920316
69
백일시
01067445255
3
19610918
70
배고문
01013197359
3
19830107
71
설리미
01083785109
3
19900604
72
홍만엄
01071809534
3
20060725
73
탁하달
01057647697
3
20090707
74
임영애
01080318425
3
19611210
75
양으자
01070440186
3
19660407
76
전훔늘
01043695194
3
19640820
77
허을율
01076606348
3
19710918
78
