10억
0
0
0
0
18:우리들의성장느와르
0
1
0
1
1987
0
1
0
2
1991,봄
0
0
0
3
1999,면회
0
1
0
4
1급기밀
0
0
0
5
1번가의기적
0
1
0
6
2009로스트메모리즈
0
1
0
7
26년
0
0
0
8
4요일
0
1
0
9
4인용식탁
0
0
0
10
5백만불의사나이
0
0
0
11
7광구
0
0
0
12
7급공무원
0
0
0
13
7번방의선물
0
1
0
14
8월의크리스마스
0
0
0
15
가깝고도먼길
0
0
0
16
가려진시간
0
0
0
17
가루지기
0
0
0
18
가문의영광시리즈
0
1
0
19
가문의영광
0
1
0
20
가문의위기
0
1
0
21
가문의부활
0
1
0
22
가문의수난
0
0
0
23
가문의귀환
0
1
0
24
가비
0
0
0
25
가슴달린남자
0
1
0
26
가위
0
1
0
27
가을로
0
0
0
28
가을비우산속에
0
0
0
29
가장보통의연애
0
0
0
30
가족의탄생
0
0
0
31
각설탕
0
0
0
32
간기남
0
1
0
33
간신
0
0
0
34
간첩
0
0
0
35
간첩리철진
0
0
0
36
감기
0
1
0
37
감시자들
0
1
0
38
강남1970
0
0
0
39
강변부인
0
0
0
40
강원도의힘
0
0
0
41
강철대오:구국의철가방
0
1
0
42
강철비
0
0
0
43
개그맨
0
1
0
44
개들의전쟁
0
1
0
45
개를훔치는완벽한방법
0
1
0
46
거룩한계보
0
1
0
47
거북이달린다
0
1
0
48
거울속으로
0
0
0
49
거짓말
0
1
0
50
건축무한육면각체의비밀
0
0
0
51
건축학개론
0
0
0
52
걷기왕
0
0
0
53
걸프렌즈
0
1
0
54
검사외전
0
0
0
55
검은사제들
0
0
0
56
검은집
0
1
0
57
게임의법칙
0
0
0
58
겨울여자
0
1
0
59
결정적한방
0
1
0
60
결혼은,미친짓이다
0
1
0
61
결혼전야
0
1
0
62
경계
0
1
0
63
경성학교:사라진소녀들
0
0
0
64
고고70
0
0
0
65
고교얄개
0
0
0
66
고래사냥
0
0
0
67
고사시리즈
0
1
0
68
고死:피의중간고사
0
0
0
69
고死두번째이야기:교생실습
0
0
0
70
고산자,대동여지도
0
0
0
71
고속도로
0
0
0
72
고양이를부탁해
0
1
0
73
고지전
0
1
0
74
곡성
0
0
0
75
곤지암
0
1
0
76
골든슬럼버
0
1
0
77
공공의적시리즈
0
0
0
78
공공의적2
0
0
0
79
강철중:공공의적1-1
0
1
0
80
공동경비구역JSA
0
0
0
81
공모자들
0
0
0
82
공범
0
1
0
83
공범자들
0
1
0
84
공작
0
0
0
85
공정사회
0
1
0
86
공조
0
1
0
87
과속스캔들
0
1
0
88
관능의법칙
0
0
0
89
관상
0
0
0
90
광복절특사
0
1
0
91
광식이동생광태
0
1
0
92
광해,왕이된남자
0
1
0
93
괴물
0
1
0
94
괴시
0
0
0
95
구르믈버서난달처럼
0
1
0
96
구미호
0
0
0
97
구미호가족
0
0
0
98
구세주:리턴즈
0
1
0
99
구타유발자들
0
1
0
100
국가대표시리즈
0
0
0
101
국가대표
0
1
0
102
국가대표2
0
1
0
103
국제시장
0
0
0
104
군도:민란의시대
0
0
0
105
군함도
0
1
0
106
굿모닝프레지던트
0
0
0
107
굿바이싱글
0
1
0
108
궁합
0
1
0
109
귀신이산다
0
0
0
110
귀여워
0
1
0
111
귀향
0
0
0
112
그것만이내세상
0
1
0
113
그날의분위기
0
1
0
114
그녀를믿지마세요
0
1
0
115
그놈목소리
0
1
0
116
그놈이다
0
1
0
117
그대를사랑합니다
0
1
0
118
그대안의블루
0
1
0
119
그때그사람들
0
1
0
120
그럼에도불구하고
0
0
0
121
그림자살인
0
1
0
122
그물
0
0
0
123
그해여름
0
1
0
124
극락도살인사건
0
1
0
125
극비수사
0
0
0
126
극한직업
0
0
0
127
글러브
0
1
0
128
글로리데이
0
0
0
129
기담
0
0
0
130
기방도령
0
0
0
131
기술자들
0
0
0
132
기생충
0
1
0
133
기억의밤
0
1
0
134
긴급조치19호
0
1
0
135
김관장대김관장대김관장
0
1
0
136
김복남살인사건의전말
0
0
0
137
김씨표류기
0
1
0
138
김종욱찾기
0
0
0
139
까
0
1
0
140
까막섬의비밀
0
0
0
141
까불지마
0
0
0
142
깡패수업
0
0
0
143
꽃순이를아시나요
0
1
0
144
꽃잎
0
1
0
145
꾼
0
0
0
146
꿈의제인
0
1
0
147
끝까지간다
0
0
0
148
나가요미스콜
0
1
0
149
나는77번아가씨
0
1
0
150
나는고양이로소이다
0
0
0
151
나는왕이로소이다
0
1
0
152
나를잊지말아요
0
0
0
153
나비(2001)
0
0
0
154
나비(2003)
0
1
0
155
나의독재자
0
1
0
156
나의사랑나의신부(1990)
0
1
0
157
나의사랑나의신부(2014)
0
1
0
158
나의절친악당들
0
1
0
159
나의PS파트너
0
0
0
160
나쁜남자
0
0
0
161
나쁜녀석들:더무비
0
1
0
162
나쁜놈은죽는다(한중합작)
0
1
0
163
나쁜영화
0
0
0
164
나쁜피
0
1
0
165
나탈리
0
0
0
166
나랏말싸미
0
0
0
167
낙동강은흐르는가
0
0
0
168
남과여
0
0
0
169
남극일기
0
1
0
170
남부군
0
0
0
171
남영동1985
0
1
0
172
남자가사랑할때
0
1
0
173
남자사용설명서
0
1
0
174
남쪽으로튀어
0
0
0
175
남한산성
0
0
0
176
너는내운명
0
1
0
177
너의결혼식
0
0
0
178
넘버3
0
1
0
179
내가버린남자
0
0
0
180
내가버린여자
0
1
0
181
내가살인범이다
0
0
0
182
내깡패같은애인
0
1
0
183
내마음의풍금
0
0
0
184
내머리속의지우개
0
0
0
185
내부자들
0
0
0
186
내사랑내곁에
0
0
0
187
내아내의모든것
0
1
0
188
내안에그놈
0
1
0
189
내여자친구를소개합니다
0
1
0
190
내연애의기억
0
1
0
191
내친구정일우
0
0
0
192
노무현입니다
0
0
0
193
노브레싱
0
1
0
194
노후대책없다
0
0
0
195
녹색의자
0
1
0
196
누구나비밀은있다
0
0
0
197
눈에는눈이에는이
0
1
0
198
늑대소년
0
1
0
199
늑대의유혹
0
1
0
200
님아,그강을건너지마오
0
1
0
201
님은먼곳에
0
1
0
202
다만악에서구하소서
0
0
0
203
다세포소녀
0
1
0
204
다찌마와리
0
0
0
205
다찌마와리-악인이여지옥행급행열차를타라!
0
0
0
206
다이빙벨
0
0
0
207
다우더
0
0
0
208
닥터봉
0
1
0
209
닫힌교문을열며
0
0
0
210
당신,거기있어줄래요
0
0
0
211
달마야놀자
0
1
0
212
달마야서울가자
0
0
0
213
달은…해가꾸는꿈
0
1
0
214
달콤한인생
0
1
0
215
당신의부탁
0
1
0
216
대립군
0
0
0
217
대배우
0
1
0
218
대한민국헌법제1조
0
0
0
220
대호
0
0
0
221
댄싱퀸
0
0
0
222
더게임
0
1
0
223
더킥
0
1
0
224
더킹
0
1
0
225
더테러라이브
0
1
0
226
더폰
0
0
0
227
덕혜옹주
0
1
0
228
도가니
0
1
0
229
도리화가
0
1
0
230
도마안중근
0
1
0
231
도둑들
0
1
0
232
도레미파솔라시도
0
1
0
233
도마뱀
0
0
0
234
도희야
0
1
0
235
독전
0
1
0
236
돈을갖고튀어라
0
1
0
237
돈크라이마미
0
0
0
238
돈을갖고튀어라
0
1
0
239
돈의맛
0
1
0
240
돌아와요부산항애
0
1
0
241
돌려차기
0
1
0
242
돌멩이의꿈
0
0
0
243
돌아오지않는해병
0
1
0
244
돌연변이
0
1
0
245
동감
0
0
0
246
동갑내기과외하기
0
1
0
247
동갑내기과외하기2
0
1
0
248
동네사람들
0
1
0
249
동주
0
0
0
250
동창생
0
0
0
251
돼지가우물에빠진날
0
1
0
252
된장
0
1
0
253
두근두근내인생
0
0
0
254
두만강
0
1
0
255
두사부일체
0
0
0
256
드래곤투카
0
1
0
257
디워
0
0
0
258
디워2
0
0
0
259
또하나의약속
0
1
0
260
똑바로살아라
0
0
0
261
똥개
0
0
0
262
똥파리
0
1
0
263
뚫어야산다
0
1
0
264
라디오스타
0
1
0
265
라라
0
0
0
266
라스트갓파더
0
0
0
267
라이터를켜라
0
0
0
268
럭키
0
0
0
269
런닝맨
0
0
0
270
레나
0
0
0
271
레드슈즈
0
1
0
272
레드아이
0
0
0
273
레슬러
0
1
0
274
로니를찾아서
0
1
0
275
로마서8:37
0
1
0
276
로봇,소리
0
1
0
277
롤러코스터
0
1
0
278
루시드드림
0
1
0
279
리얼
0
0
0
280
리틀포레스트
0
0
0
281
마고
0
0
0
282
마녀
0
0
0
283
마담뺑덕
0
1
0
284
마당을나온암탉
0
0
0
285
마더
0
1
0
286
마돈나
0
0
0
287
마스터
0
1
0
288
마약왕
0
1
0
289
마유미
0
0
0
290
마음이...
0
1
0
291
마이웨이
0
1
0
292
마이파더
0
1
0
293
마파도
0
0
0
294
만남의광장
0
0
0
295
만추
0
0
0
296
만추(2011년)
0
1
0
297
말미잘-엄마와별과말미잘
0
1
0
298
말아톤
0
0
0
299
말죽거리잔혹사
0
1
0
300
망원동인공위성
0
0
0
301
멋진하루
0
1
0
302
명량
0
1
0
303
맨데이트:신이주신임무
0
0
0
304
맨발의기봉이
0
1
0
305
맨홀
0
1
0
306
메소드(영화)
0
1
0
307
모노폴리
0
1
0
308
목숨건연애
0
0
0
309
목포는항구다
0
1
0
310
몬스터
0
1
0
311
무뢰한
0
1
0
312
무방비도시
0
0
0
313
무사
0
1
0
314
무서운이야기시리즈
0
0
0
315
무서운이야기
0
0
0
316
무서운이야기2
0
0
0
317
무서운이야기3
0
1
0
318
무서운집
0
0
0
319
무수단
0
0
0
320
무영검
0
0
0
321
무현,두도시이야기
0
1
0
322
미나문방구
0
1
0
323
미녀는괴로워
0
1
0
324
미술관옆동물원
0
0
0
325
미스터고
0
1
0
326
미스터소크라테스
0
0
0
327
미스프레지던트
0
0
0
328
미쓰백
0
0
0
329
미쓰와이프
0
1
0
330
미씽:사라진여자
0
1
0
331
미워도다시한번
0
0
0
332
미인
0
0
0
333
미인도
0
0
0
334
미지왕
0
1
0
335
미확인동영상:절대클릭금지
0
1
0
336
밀양(영화)
0
1
0
337
밀정
0
0
0
338
바람
0
1
0
339
바람과함께사라지다
0
0
0
340
바람난가족
0
1
0
341
바람바람바람
0
0
0
342
바람의파이터
0
1
0
343
바람피기좋은날
0
0
0
344
바르게살자
0
1
0
345
바보
0
1
0
346
바보들의행진
0
1
0
347
바비
0
1
0
348
바이오맨
0
0
0
349
박대박
0
0
0
350
박수건달
0
1
0
351
박수칠때떠나라
0
0
0
352
박열
0
1
0
353
박쥐
0
1
0
354
박하사탕
0
0
0
355
반가운살인자
0
1
0
356
반두비
0
1
0
357
반창꼬
0
1
0
358
반칙왕
0
1
0
359
밤섬해적단서울불바다
0
1
0
360
밤의여왕
0
0
0
361
방울토마토
0
1
0
362
방자전
0
1
0
363
방황하는칼날
0
1
0
364
배우는배우다
0
1
0
365
백만장자와결혼하는길
0
0
0
366
백야
0
1
0
367
백야행-하얀어둠속을걷다
0
0
0
368
번지점프를하다
0
0
0
369
범죄도시
0
1
0
370
범죄와의전쟁:나쁜놈들전성시대
0
1
0
371
범죄의여왕
0
1
0
372
범죄의재구성
0
1
0
373
베를린
0
0
0
374
베스트셀러
0
1
0
375
베테랑
0
0
0
376
변호인
0
0
0
377
보안관
0
1
0
378
보통사람
0
1
0
379
복면달호
0
0
0
380
복수는나의것
0
1
0
381
복수혈전
0
0
0
382
봄날은간다
0
1
0
383
봉오동전투
0
1
0
384
봉이김선달
0
1
0
385
봉자
0
0
0
386
부당거래
0
0
0
387
부라더
0
0
0
388
부러진화살
0
1
0
389
부산행
0
0
0
390
분노의윤리학
0
0
0
391
분홍신
0
0
0
392
불꽃처럼나비처럼
0
1
0
393
불신지옥
0
1
0
394
불청객
0
1
0
395
불한당:나쁜놈들의세상
0
1
0
396
뷰티풀선데이
0
0
0
397
뷰티인사이드
0
1
0
398
브라보마이라이프
0
0
0
399
블라인드
0
1
0
400
블랙잭
0
1
0
401
블루
0
0
0
402
비밀은없다
0
1
0
403
비스티보이즈
0
0
0
404
비열한거리
0
1
0
405
비천괴수
0
0
0
406
비천무
0
1
0
407
비트
0
1
0
408
빅매치
0
1
0
409
빨간마후라
0
1
0
410
뺑반
0
0
0
411
뻐꾸기도밤에우는가
0
0
0
412
사과
0
1
0
413
사냥
0
1
0
414
사도
0
1
0
415
사랑니(영화)
0
0
0
416
사랑방손님과어머니
0
1
0
417
사랑하기때문에
0
1
0
418
사랑하는사람아
0
1
0
419
사생결단
0
0
0
420
산딸기
0
1
0
421
산상수훈
0
1
0
422
살어리랏다
0
1
0
423
살인의추억
0
0
0
424
살인의뢰
0
0
0
425
살인자
0
1
0
426
살인자의기억법
0
0
0
427
삼거리극장
0
0
0
428
삼인조
0
0
0
429
상류사회
0
1
0
430
상의원
0
0
0
431
색즉시공
0
0
0
432
생과부위자료청구소송
0
0
0
433
생활의발견
0
1
0
434
서부전선
0
1
0
435
서양골동양과자점앤티크
0
0
0
436
서편제
0
1
0
437
석조저택살인사건
0
0
0
438
썬데이서울
0
1
0
439
선생김봉두
0
0
0
440
설국열차
0
1
0
441
섬.사라진사람들
0
1
0
442
성난변호사
0
0
0
443
성냥팔이소녀의재림
0
1
0
444
성실한나라의앨리스
0
0
0
445
세기말
0
1
0
446
세븐데이즈
0
0
0
447
소공녀
0
1
0
448
소름
0
1
0
449
소셜포비아
0
1
0
450
소수의견
0
0
0
451
손님
0
1
0
452
소원
0
0
0
453
쇼킹넘버1
0
0
0
454
수상한그녀
0
1
0
455
수색역
0
0
0
456
순수의시대
0
0
0
457
순정
0
1
0
458
순천
0
0
0
459
숨바꼭질
0
1
0
460
숲속의바보
0
0
0
461
쉿!그녀에겐비밀이에요
0
1
0
462
슈팅걸스
0
1
0
463
슈퍼스타감사용
0
1
0
464
스물
0
0
0
465
스승의은혜
0
1
0
466
스카우트
0
0
0
467
스캔들-조선남녀상열지사
0
1
0
468
스타박스다방
0
1
0
469
스플릿
0
1
0
470
슬로우비디오
0
1
0
471
쉬리
0
1
0
472
슈퍼맨이었던사나이
0
1
0
473
시간이탈자
0
1
0
474
시라노
0
1
0
475
시실리2km
0
0
0
476
시월애
0
1
0
477
식객
0
1
0
478
식객:김치전쟁
0
1
0
479
신과함께
0
1
0
480
신과함께-죄와벌
0
0
0
481
신과함께-인과연
0
0
0
482
신기전
0
0
0
483
신데렐라
0
1
0
484
신라의달밤
0
1
0
485
신세계
0
1
0
486
신장개업
0
1
0
487
신의한수
0
0
0
488
실미도
0
1
0
489
실종
0
1
0
490
실종:사라진아내
0
1
0
491
심야의FM
0
1
0
492
싱글라이더
0
1
0
493
싱글즈
0
1
0
494
싸울아비
0
1
0
495
싸움
0
0
0
496
싸움의기술
0
1
0
497
싸이보그지만괜찮아
0
0
0
498
쌍화점
0
1
0
499
써니
0
0
0
500
썸머타임
0
0
0
501
쎄시봉
0
1
0
502
쏜다
0
0
0
503
아가씨
0
0
0
504
아기와나
0
1
0
505
아내가결혼했다
0
1
0
506
아는여자
0
1
0
507
아들
0
1
0
508
아라한장풍대작전
0
1
0
509
아래층여자와윗층남자
0
1
0
510
아리랑
0
1
0
511
아벤고공수군단
0
1
0
512
아부의왕
0
0
0
513
아수라
0
0
0
514
아이들…
0
1
0
515
아이캔스피크
0
0
0
516
아저씨
0
1
0
517
아찌,아빠
0
0
0
518
아프리카
0
0
0
519
아홉살인생
0
0
0
520
악녀
0
0
0
521
악마를보았다
0
1
0
522
악어
0
0
0
523
악의연대기
0
1
0
524
안녕형아
0
0
0
525
안시성
0
0
0
526
알바트로스
0
1
0
527
알포인트
0
0
0
528
암살
0
1
0
529
애마부인
0
0
0
530
애인(1982년영화)
0
0
0
531
애인(2005년영화)
0
0
0
532
애자
0
1
0
533
앨리스원더랜드에서온소년
0
0
0
534
앵무새몸으로울었다
0
0
0
535
어깨동무
0
0
0
536
어린신부
0
1
0
537
얼굴
0
1
0
538
여감방
0
1
0
539
여고괴담시리즈
0
0
0
540
여고괴담
0
1
0
541
여고괴담두번째이야기
0
1
0
542
여고괴담3-여우계단
0
1
0
543
여고괴담4-목소리
0
0
0
544
여고괴담5
0
1
0
545
여고생시집가기
0
0
0
546
여곡성
0
1
0
547
여로(영화)
0
0
0
548
여배우들
0
1
0
549
여선생VS여제자
0
1
0
550
여왕벌
0
1
0
551
여자들
0
1
0
552
여중생A
0
1
0
553
역린
0
0
0
554
연가시
0
0
0
555
연애의목적
0
1
0
556
연애의온도
0
0
0
557
연평해전
0
0
0
558
연풍연가
0
0
0
559
열정같은소리하고있네
0
1
0
560
열한번째엄마
0
1
0
561
열한시
0
1
0
562
염력
0
1
0
563
엽기적인그녀
0
0
0
564
엽기적인그녀2
0
0
0
565
영구와땡칠이시리즈및영구
0
0
0
566
영구와공룡쭈쭈
0
1
0
567
영구와우주괴물불괴리
0
0
0
568
예의없는것들
0
1
0
569
오감도
0
1
0
570
오늘의연애
0
1
0
571
오발탄
0
0
0
572
오빠생각
0
0
0
573
오!브라더스
0
1
0
574
오!수정
0
1
0
575
오!해피데이
0
1
0
576
오꿈의나라
0
1
0
577
오로라공주
0
0
0
578
오싹한연애
0
0
0
579
오아시스
0
0
0
580
옥자
0
1
0
581
올가미
0
0
0
582
올드마린보이
0
1
0
583
올드보이
0
1
0
584
요가학원
0
1
0
585
와니와준하
0
1
0
586
와이키키브라더스
0
1
0
587
와일드카드
0
1
0
588
완득이
0
0
0
589
완벽한파트너
0
0
0
590
왕의남자
0
0
0
591
용가리
0
0
0
592
용서받지못한자
0
0
0
593
용의자
0
1
0
594
용의자X
0
0
0
595
우는남자
0
1
0
596
우뢰매
0
1
0
597
우리들
0
1
0
598
우리들의일그러진영웅
0
0
0
599
우리들의행복한시간
0
1
0
600
우리생애최고의순간
0
1
0
601
우리에게내일은없다
0
1
0
602
우리이웃의범죄
0
0
0
603
우리형
0
1
0
604
우아한거짓말
0
0
0
605
우아한세계
0
0
0
606
우주괴인왕마귀
0
0
0
607
우주의크리스마스
0
1
0
608
울지않으리
0
1
0
609
울학교이티
0
1
0
610
워낭소리
0
1
0
611
원스어폰어타임
0
1
0
612
월하의맹서
0
0
0
613
웨딩드레스
0
1
0
614
웰컴투동막골
0
0
0
615
위대한소원
0
1
0
616
위대한유산
0
0
0
617
유감스러운도시
0
0
0
618
유령
0
0
0
619
유리정원
0
1
0
620
육체의약속
0
1
0
621
육혈포강도단
0
0
0
622
은교
0
1
0
623
은밀하게위대하게
0
0
0
624
은하해방전선
0
1
0
625
은행나무침대
0
1
0
626
의뢰인
0
0
0
627
의리적구토
0
1
0
628
의형제
0
1
0
629
이것이우리의끝이다
0
0
0
630
이끼
0
0
0
631
이리
0
1
0
632
이별계약
0
0
0
633
이웃사람
0
1
0
634
이웃집좀비
0
1
0
635
이장과군수
0
1
0
636
이장호의외인구단
0
1
0
637
이중간첩
0
1
0
638
이층의악당
0
0
0
639
이태원살인사건
0
1
0
640
인디안썸머
0
0
0
641
인류멸망보고서
0
1
0
642
인정사정볼것없다
0
0
0
643
인천상륙작전
0
1
0
644
인사동스캔들
0
1
0
645
인어공주
0
0
0
646
인터뷰
0
0
0
647
임금님의사건수첩
0
0
0
648
일대일
0
0
0
649
일진
0
0
0
650
자녀목
0
1
0
651
자백
0
0
0
652
자카르타
0
1
0
653
자칼이온다
0
0
0
654
작전
0
1
0
655
잘살아보세
0
1
0
656
잘알지도못하면서
0
1
0
657
잠복근무
0
0
0
658
장군의아들
0
0
0
659
장화,홍련
0
0
0
660
재밌는영화
0
0
0
661
재심
0
1
0
662
적도의꽃
0
1
0
663
전국노래자랑
0
0
0
664
전설의고향
0
1
0
665
전설의주먹
0
0
0
666
전우치
0
0
0
667
접속
0
0
0
668
젓가락
0
1
0
669
정글쥬스
0
0
0
670
제니,주노
0
1
0
671
제보자
0
0
0
672
제5의사나이
0
0
0
673
젝스키스에이틴
0
0
0
674
조선마술사
0
1
0
675
조선명탐정:각시투구꽃의비밀
0
0
0
676
조선명탐정:사라진놉의딸
0
0
0
677
조선명탐정:흡혈괴마의비밀
0
0
0
678
조선미녀삼총사
0
0
0
679
조용한가족
0
1
0
680
조작된도시
0
1
0
681
조폭마누라
0
0
0
682
족보
0
1
0
683
족구왕
0
1
0
684
좋은놈,나쁜놈,이상한놈
0
1
0
685
주글래살래
0
1
0
686
주먹이운다
0
0
0
687
주유소습격사건
0
0
0
688
주홍글씨
0
0
0
689
죽거나혹은나쁘거나
0
1
0
690
죽여주는여자
0
0
0
691
죽음보다깊은잠
0
0
0
692
중독노래방
0
0
0
693
중천
0
0
0
694
즐거운인생
0
1
0
695
증발(영화)
0
0
0
696
증인
0
1
0
697
지구를지켜라
0
1
0
698
지금은맞고그때는틀리다
0
1
0
699
지금만나러갑니다
0
0
0
700
지슬:끝나지않은세월2
0
0
0
701
직지코드
0
1
0
702
진아의벌레먹은장미
0
0
0
703
진짜사나이
0
1
0
704
집으로...
0
1
0
705
집으로가는길
0
1
0
706
집행자
0
0
0
707
짝패
0
0
0
708
짱
0
1
0
709
찌라시:위험한소문
0
1
0
710
찍히면죽는다
0
1
0
711
차우
0
1
0
712
차이나타운
0
1
0
713
차형사
0
1
0
714
참견은노,사랑은오예
0
1
0
715
창공으로
0
0
0
716
챔피언(영화)
0
0
0
717
챔피언마빡이
0
0
0
718
천국의계단(영화)
0
0
0
719
천국의우편배달부
0
1
0
720
천군
0
1
0
721
천안함프로젝트
0
0
0
722
천하장사마돈나
0
0
0
723
철암계곡의혈투
0
1
0
724
청년경찰
0
1
0
725
청담보살
0
1
0
726
청연
0
1
0
727
체인지
0
1
0
728
체포왕
0
0
0
729
초능력자
0
1
0
730
초록물고기
0
1
0
731
초인
0
0
0
732
최강로맨스
0
0
0
733
최악의하루
0
0
0
734
최종병기활
0
0
0
735
최후의증인
0
0
0
736
추격자
0
1
0
737
춘몽
0
0
0
738
춘향뎐
0
0
0
739
출국
0
0
0
740
치외법권
0
0
0
741
친구
0
0
0
742
친구2
0
1
0
743
친절한금자씨
0
1
0
744
카운트다운
0
0
0
745
카트
0
1
0
746
카페느와르
0
1
0
747
코리아
0
0
0
748
쿼바디스
0
0
0
749
퀵
0
1
0
750
크로싱
0
0
0
751
클래식
0
0
0
752
클레멘타인
0
0
0
753
키다리아저씨
0
0
0
754
킬리만자로
0
1
0
755
킬러들의수다
0
1
0
756
킹콩을들다
0
1
0
757
타워
0
1
0
758
타짜시리즈
0
0
0
759
타짜
0
1
0
760
타짜:신의손
0
1
0
761
타짜:원아이드잭
0
1
0
762
타투
0
1
0
763
탐정:더비기닝
0
0
0
764
탐정:리턴즈
0
0
0
765
탐정홍길동:사라진마을
0
0
0
766
터널
0
0
0
767
터널3D
0
0
0
768
태
0
1
0
769
태극기휘날리며
0
0
0
770
태백산맥
0
1
0
771
태풍
0
0
0
772
택시운전사
0
1
0
773
톱스타
0
0
0
774
퇴마록
0
1
0
775
투가이즈
0
1
0
776
투명인간
0
0
0
777
투캅스
0
0
0
778
투혼
0
0
0
779
튜브
0
0
0
780
트럭
0
1
0
781
트릭
0
0
0
782
트윈스터즈
0
1
0
783
특별수사:사형수의편지
0
1
0
784
특별시민
0
0
0
785
특종:량첸살인기
0
0
0
786
티끌모아로맨스
0
1
0
787
티라노의발톱
0
0
0
788
타클라마칸
0
1
0
789
파괴된사나이(영화)
0
0
0
790
파란나비효과
0
1
0
791
파송송계란탁
0
0
0
792
파수꾼(영화)
0
0
0
793
파울볼
0
1
0
794
파이란
0
0
0
795
파파로티
0
0
0
796
파업전야
0
0
0
797
파워킹
0
0
0
798
판도라
0
1
0
799
팔도강산
0
0
0
800
패션왕
0
0
0
801
퍼펙트게임
0
1
0
802
페이스메이커
0
1
0
803
편지
0
0
0
804
평양성
0
1
0
805
평화의시대
0
0
0
806
포화속으로
0
0
0
807
폭력의씨앗
0
0
0
808
폭력써클
0
0
0
809
폭풍전야
0
1
0
810
표적
0
1
0
811
푸른소금
0
0
0
812
품행제로
0
1
0
813
풍산개(영화)
0
1
0
814
프리즌
0
0
0
815
플란다스의개
0
1
0
816
플랜맨
0
1
0
817
피끓는청춘
0
1
0
818
피도눈물도없이
0
1
0
819
피아골
0
1
0
820
핑크빛깡통
0
0
0
821
하녀(1960)/하녀(2010)
0
0
0
822
하루/하루
0
1
0
823
하류인생
0
1
0
824
하면된다
0
0
0
825
하모니
0
0
0
826
하얀전쟁
0
0
0
827
하울링
0
0
0
828
하이힐
0
1
0
829
하피
0
0
0
830
하하하
0
1
0
831
한공주
0
0
0
832
한반도
0
0
0
833
할렐루야
0
1
0
834
함정
0
0
0
835
해가서쪽에서뜬다면
0
1
0
836
해무
0
1
0
837
해바라기
0
0
0
838
해빙
0
1
0
839
해안선
0
1
0
840
해어화
0
1
0
841
해운대
0
1
0
842
해적:바다로간산적
0
1
0
843
해피엔드
0
1
0
844
핸드폰
0
1
0
845
행복
0
1
0
846
행복은성적순이아니잖아요
0
0
0
847
허삼관
0
0
0
848
허풍
0
0
0
849
헬로우고스트
0
0
0
850
헬머니
0
1
0
851
현기증(한국영화)
0
0
0
852
혈의누
0
1
0
853
협녀,칼의기억
0
1
0
854
협상
0
1
0
855
형
0
1
0
856
형사DUELIST
0
0
0
857
호로비츠를위하여
0
0
0
858
혼숨
0
1
0
859
홀리데이
0
0
0
860
화려한휴가
0
0
0
861
화산고
0
0
0
862
화이:괴물을삼킨아이
0
1
0
863
화차
0
0
0
864
환절기
0
0
0
865
황산벌
0
0
0
866
황제를위하여
0
1
0
867
황진이
0
0
0
868
황해
0
1
0
869
회사원
0
1
0
870
효자동이발사
0
0
0
871
후궁:제왕의첩
0
1
0
872
후아유
0
1
0
873
희생부활자
0
1
0
874
히말라야
0
1
0
875
히어로
0
0
0
876
007:노타임투다이
0
1
0
877
